  -2.5395e+00  -2.7121e+00  -2.7871e+00  -2.0755e+00  -3.2909e+00  -2.8728e+00  -2.7261e+00  -2.6081e+00
   4.0209e-01   2.1957e-01  -7.3543e-01  -9.8715e-02   1.3960e-01   3.4117e-01  -8.5759e-01  -9.3249e-01
  -9.8410e-01  -8.2774e-01   4.2327e-01  -4.5667e-02  -1.9072e-01  -6.8475e-01   2.9193e-01   1.5756e-01
  -7.0065e-01   5.0381e-01   5.4179e-01  -1.3149e+00  -1.9995e-02   4.8875e-01   6.2688e-01  -6.7158e-01
   2.9681e-01  -4.2380e-01  -1.0363e+00  -1.1662e+00   2.7250e-04   3.3101e-01   9.7879e-01   7.6078e-01
  -1.0004e+00  -6.4276e-01  -3.6202e-01   1.2208e+00   2.3238e-01   6.6609e-01   4.5060e-01  -4.1638e-01
  -2.9585e-01   2.1632e-02  -5.3609e-01  -3.2481e-01  -1.2266e-01   3.7212e-02  -5.7776e-01  -5.6001e-01
  -5.2132e-01  -3.3657e-01  -2.7282e-01   1.1785e-01  -2.0670e-01  -5.9423e-01   2.5747e-01  -2.6784e-01
  -4.2252e-01   4.2357e-01   3.6169e-01  -8.6968e-01   6.8158e-02   5.0604e-01   5.2356e-01  -2.7471e-01
   1.8314e-01  -2.7924e-01  -2.3754e-01  -7.5791e-01   1.9722e-02   2.6940e-01   4.9681e-01   3.6422e-01
  -4.3947e-01  -4.5142e-01   1.4455e-02   5.9918e-01   2.7390e-01   5.6310e-01   2.2702e-01  -1.1729e-01
   8.4151e-02  -1.7929e-02   1.7385e-02  -1.1085e-01   1.5472e-01  -2.3701e-03  -2.0778e-01   1.1324e-01
